,824039875,760243527,824039851,949601179,807052171,930627836,1013071422,760242040,436409329,807052420,824040951,436409419,667852635,760243319,820905217,930627616,824040515,968561617,807051831,824039471,674810554,1018445771,820743455,930627496,820905747,760242017,807052210,820743515,820905567,807051581,824039260,1013071302,685509613,807052820,930627026,760243587,436409369,820905977,760242444,824039126,1018445871,930627036,820905197,824038987,824038961,760242670,760242914,436409439,760243417,824039761,436409429,760241994,760242938,807052380,824040125,760242399,807052770,930626996,930627196,930626766,760241947,760242333,930627486,436409269,436409349,820743465,807052191,760242166,820905767,807051851,760242890,930626866,807051501,930626886,930627176,930627746,824039484,824040039,936423854
824039875,0,3531,475,3530,3560,3529,3530,3425,3687,3572,76,3705,3528,3530,3531,3648,66,3537,3496,58,3535,4566,3531,3510,3424,3530,3528,4172,3532,3719,65,3530,264,3533,3530,3531,3718,3529,3458,64,3813,3532,3530,62,66,3531,3531,3681,3528,62,3704,3529,3533,3533,81,3427,3530,3535,3532,3575,3459,3460,3531,3685,3715,3538,3970,3454,3530,3509,3529,3652,3858,3375,3485,3485,61,65,3535
760243527,3531,0,3938,9,37,19,7,116,344,61,3485,376,3,8,9,267,3476,118,121,3477,11,1773,6,85,869,5,7,1097,11,442,3475,8,3650,10,9,7,406,5,80,3474,988,9,8,3472,3477,10,10,347,5,3472,381,6,10,10,3507,106,5,24,9,283,88,76,11,341,402,18,465,80,5,24,5,248,686,555,53,57,3472,3473,12
824039851,475,3938,0,3937,3967,3936,3936,3831,4087,3979,483,4099,3935,3937,3938,3961,473,3944,3903,471,3942,4961,3937,3917,3831,3937,3935,4526,3939,4126,472,3937,659,3940,3937,3937,4111,3936,3865,470,4220,3938,3937,469,473,3937,3938,4081,3935,469,4101,3936,3940,3940,457,3834,3937,3940,3938,3965,3866,3867,3937,4085,4107,3946,4377,3861,3937,3916,3936,4058,4225,3765,3892,3892,468,472,3941
949601179,3530,9,3937,0,40,22,10,117,347,64,3483,379,6,11,8,270,3475,121,124,3476,14,1773,9,88,870,8,10,1101,14,445,3474,11,3649,13,12,10,409,8,83,3473,991,12,7,3471,3476,9,9,350,8,3471,382,5,13,13,3506,115,8,27,12,286,87,79,14,344,405,21,468,85,8,27,8,250,689,558,56,60,3471,3472,15
807052171,3560,37,3967,40,0,50,38,147,375,59,3514,407,34,39,40,298,3505,149,152,3506,42,1782,37,116,900,36,38,1066,42,409,3504,39,3677,41,40,38,436,36,111,3503,1007,40,39,3501,3506,41,41,376,36,3501,412,37,41,41,3536,143,36,55,40,314,119,107,42,372,432,49,468,113,36,55,36,279,652,586,84,88,3501,3502,42
930627836,3529,19,3936,22,50,0,18,129,355,74,3483,387,16,21,22,277,3474,125,134,3475,22,1785,19,96,882,18,20,1112,22,455,3473,17,3648,23,20,20,417,18,93,3472,992,20,21,3470,3475,23,23,358,18,3470,390,19,23,23,3505,125,18,35,20,294,101,89,22,352,413,29,478,95,18,37,18,259,698,565,64,68,3470,3471,23
1013071422,3530,7,3936,10,38,18,0,117,341,62,3484,373,4,9,10,266,3475,117,122,3476,10,1773,7,84,870,6,8,1100,10,443,3474,7,3647,11,8,8,403,6,81,3473,986,4,9,3471,3476,11,11,344,6,3471,376,7,11,11,3506,113,6,21,6,281,89,77,10,338,399,17,466,83,6,25,6,247,686,552,52,56,3471,3472,11
760242040,3425,116,3831,117,147,129,117,0,448,157,3379,480,113,116,117,377,3370,228,99,3371,121,1720,116,151,766,115,111,997,121,410,3369,117,3544,120,119,115,510,115,42,3368,974,119,116,3366,3371,118,118,452,113,3366,484,114,120,120,3401,12,115,134,119,301,50,46,120,445,506,126,575,40,115,94,115,358,654,453,73,75,3366,3367,122
436409329,3687,344,4087,347,375,355,341,448,0,396,3642,259,341,346,346,593,3625,450,457,3634,339,2048,344,419,1165,343,345,1396,347,763,3624,344,3595,348,345,344,291,343,415,3631,1289,343,346,3629,3630,348,346,226,343,3629,267,344,348,348,3664,444,343,360,345,612,423,412,343,7,288,343,780,417,343,362,343,578,1004,865,389,393,3629,3630,340
807052420,3572,61,3979,64,59,74,62,157,396,0,3526,429,58,63,64,322,3517,173,162,3518,66,1771,61,126,910,60,62,1046,66,388,3516,63,3688,65,64,62,458,60,121,3515,1017,64,63,3513,3518,65,65,398,60,3513,433,61,65,65,3548,153,60,79,64,323,129,117,66,393,454,73,475,123,60,65,60,303,628,596,94,98,3513,3514,67
824040951,76,3485,483,3483,3514,3483,3484,3379,3642,3526,0,3660,3482,3484,3485,3600,22,3491,3450,22,3489,4518,3485,3464,3378,3484,3482,4175,3486,3673,21,3484,220,3487,3484,3485,3673,3483,3412,20,3766,3486,3484,18,22,3485,3484,3637,3482,18,3658,3483,3487,3487,53,3381,3484,3489,3486,3533,3413,3414,3485,3640,3670,3493,3924,3408,3484,3463,3483,3606,3811,3329,3439,3439,17,21,3489
436409419,3705,376,4099,379,407,387,373,480,259,429,3660,0,373,378,378,624,3643,481,490,3652,371,2069,376,451,1186,375,377,1438,379,795,3642,376,3521,380,377,376,119,375,448,3647,1317,375,378,3647,3648,380,380,144,375,3647,295,376,380,380,3679,476,375,392,377,642,456,445,375,258,114,375,809,450,375,394,375,610,1034,901,421,425,3647,3648,372
667852635,3528,3,3935,6,34,16,4,113,341,58,3482,373,0,5,6,264,3473,115,118,3474,8,1770,3,82,866,2,4,1096,8,439,3472,5,3647,7,6,4,403,2,77,3471,985,6,5,3469,3474,7,7,344,2,3469,378,3,7,7,3504,109,2,21,6,280,85,73,8,338,399,15,462,79,2,21,2,245,683,552,50,54,3469,3470,9
760243319,3530,8,3937,11,39,21,9,116,346,63,3484,378,5,0,11,269,3475,120,122,3476,13,1774,8,87,870,7,7,1101,13,444,3474,10,3649,12,11,7,408,7,80,3473,989,11,10,3471,3476,10,12,349,5,3471,383,8,12,12,3506,114,7,26,11,285,90,78,13,343,404,20,467,84,7,26,7,250,688,557,55,59,3471,3472,14
820905217,3531,9,3938,8,40,22,10,117,346,64,3485,378,6,11,0,270,3476,121,124,3477,14,1773,9,88,869,8,10,1101,14,445,3475,11,3650,13,12,10,408,8,83,3474,991,12,7,3472,3477,9,9,349,8,3472,383,5,13,13,3507,115,8,27,12,286,87,79,14,343,404,21,468,85,8,27,8,251,689,558,56,60,3472,3473,15
930627616,3648,267,3961,270,298,277,266,377,593,322,3600,624,264,269,270,0,3593,377,382,3594,270,2025,267,293,1000,266,268,1333,270,673,3592,267,3764,271,268,268,650,266,341,3591,1238,268,269,3589,3594,270,271,596,265,3589,628,267,271,271,3624,373,266,282,268,539,349,337,270,590,647,277,726,343,266,285,266,503,947,722,312,316,3589,3591,271
824040515,66,3476,473,3475,3505,3474,3475,3370,3625,3517,22,3643,3473,3475,3476,3593,0,3482,3441,12,3472,4510,3476,3455,3369,3475,3473,4168,3477,3664,3,3475,203,3478,3475,3475,3656,3474,3402,10,3758,3477,3475,8,8,3476,3476,3620,3473,8,3642,3474,3478,3478,43,3372,3475,3480,3477,3524,3404,3405,3476,3623,3653,3476,3915,3399,3475,3454,3474,3597,3803,3320,3430,3430,7,11,3472
968561617,3537,118,3944,121,149,125,117,228,450,173,3491,481,115,120,121,377,3482,0,233,3483,121,1746,118,195,875,117,119,1211,121,553,3481,116,3656,122,119,119,513,117,192,3480,1026,119,120,3478,3483,122,122,452,117,3478,488,118,121,122,3513,224,117,134,119,393,200,188,121,447,508,128,577,194,117,136,117,358,797,664,163,167,3478,3479,122
807051831,3496,121,3903,124,152,134,122,99,457,162,3450,490,118,122,124,382,3441,233,0,3442,126,1732,121,156,852,120,122,1082,126,411,3440,122,3615,125,124,122,520,120,63,3439,979,124,122,3437,3442,124,125,461,120,3437,495,121,125,125,3472,95,120,139,123,306,71,59,126,454,516,132,580,66,120,99,119,319,635,538,77,80,3437,3438,127
824039471,58,3477,471,3476,3506,3475,3476,3371,3634,3518,22,3652,3474,3476,3477,3594,12,3483,3442,0,3481,4511,3477,3456,3370,3476,3474,4169,3478,3665,11,3476,211,3479,3476,3477,3665,3475,3404,10,3759,3478,3476,8,12,3477,3477,3629,3474,8,3651,3475,3479,3479,43,3373,3476,3481,3478,3525,3405,3406,3477,3632,3662,3485,3916,3400,3476,3455,3475,3598,3804,3321,3431,3431,7,11,3481
674810554,3535,11,3942,14,42,22,10,121,339,66,3489,371,8,13,14,270,3472,121,126,3481,0,1774,11,88,874,10,12,1103,14,447,3471,11,3646,15,12,11,401,10,84,3478,990,12,13,3476,3477,15,15,342,10,3476,376,11,15,15,3511,117,10,27,12,286,93,81,14,336,397,13,468,87,10,29,10,251,691,558,56,60,3476,3477,7
1018445771,4566,1773,4961,1773,1782,1785,1773,1720,2048,1771,4518,2069,1770,1774,1773,2025,4510,1746,1732,4511,1774,0,1773,1805,1880,1772,1774,2164,1776,1652,4510,1773,4647,1769,1772,1774,2094,1772,1701,4508,2186,1775,1772,4508,4510,1775,1774,2045,1772,4507,2087,1771,1776,1777,4541,1717,1772,1785,1775,1955,1706,1703,1774,2046,2092,1781,1604,1697,1772,1751,1772,1774,1766,2109,1727,1724,4507,4509,1776
820743455,3531,6,3937,9,37,19,7,116,344,61,3485,376,3,8,9,267,3476,118,121,3477,11,1773,0,85,869,5,7,1099,11,442,3475,8,3650,10,9,7,406,5,80,3474,988,9,8,3472,3477,10,10,347,5,3472,381,6,10,10,3507,112,5,24,9,283,88,76,11,341,402,18,465,82,5,24,5,248,686,555,53,57,3472,3473,12
930627496,3510,85,3917,88,116,96,84,151,419,126,3464,451,82,87,88,293,3455,195,156,3456,88,1805,85,0,842,84,86,1130,88,475,3454,84,3629,89,84,86,481,84,115,3453,1019,86,87,3451,3456,89,89,422,84,3451,455,85,89,89,3486,147,84,101,86,314,123,111,88,416,477,94,542,117,84,63,84,319,719,584,84,88,3451,3452,89
820905747,3424,869,3831,870,900,882,870,766,1165,910,3378,1186,866,870,869,1000,3369,875,852,3370,874,1880,869,842,0,868,870,1749,874,1024,3368,870,3551,873,871,870,1213,868,797,3367,1374,872,869,3365,3370,871,871,1165,868,3365,1203,867,872,873,3400,765,868,880,872,986,800,799,872,1164,1209,879,1327,793,868,847,868,1003,1133,1089,826,826,3365,3367,875
760242017,3530,5,3937,8,36,18,6,115,343,60,3484,375,2,7,8,266,3475,117,120,3476,10,1772,5,84,868,0,6,1098,10,441,3474,7,3649,9,8,6,405,4,79,3473,987,8,7,3471,3476,9,9,346,4,3471,380,5,9,9,3506,111,4,23,8,281,85,75,10,340,401,17,464,81,4,23,4,247,685,554,52,56,3471,3472,11
807052210,3528,7,3935,10,38,20,8,111,345,62,3482,377,4,7,10,268,3473,119,122,3474,12,1774,7,86,870,6,0,1100,12,443,3472,9,3647,11,10,6,407,6,79,3471,989,10,9,3469,3474,11,11,348,4,3469,382,7,11,11,3504,113,6,25,10,284,89,77,12,342,403,19,466,83,6,25,6,249,687,555,54,58,3469,3470,13
820743515,4172,1097,4526,1101,1066,1112,1100,997,1396,1046,4175,1438,1096,1101,1101,1333,4168,1211,1082,4169,1103,2164,1099,1130,1749,1098,1100,0,1101,1119,4167,1099,4319,1103,1102,1100,1467,1098,1027,4166,1827,1102,1100,4164,4168,1102,1102,1409,1098,4164,1440,1098,1101,1102,4199,993,1098,1116,1101,1272,1034,1029,1102,1394,1461,1108,1214,1022,1098,1077,1098,1341,1368,1309,1056,1058,4164,4165,1103
820905567,3532,11,3939,14,42,22,10,121,347,66,3486,379,8,13,14,270,3477,121,126,3478,14,1776,11,88,874,10,12,1101,0,447,3476,11,3651,15,12,12,409,10,85,3475,990,12,13,3473,3478,15,15,350,10,3473,384,11,15,15,3508,117,10,27,12,286,93,81,14,344,405,21,470,87,10,29,10,251,691,556,56,60,3473,3474,15
807051581,3719,442,4126,445,409,455,443,410,763,388,3673,795,439,444,445,673,3664,553,411,3665,447,1652,442,475,1024,441,443,1119,447,0,3663,443,3825,438,445,443,822,441,374,3662,1225,444,444,3660,3665,446,446,768,441,3660,800,442,445,445,3695,406,441,454,445,626,382,372,447,760,819,453,607,377,441,420,441,602,558,838,399,401,3660,3661,447
824039260,65,3475,472,3474,3504,3473,3474,3369,3624,3516,21,3642,3472,3474,3475,3592,3,3481,3440,11,3471,4510,3475,3454,3368,3474,3472,4167,3476,3663,0,3474,202,3477,3474,3474,3655,3473,3401,9,3757,3476,3474,7,7,3475,3475,3619,3472,7,3641,3473,3477,3477,42,3371,3474,3479,3476,3523,3403,3404,3475,3622,3652,3475,3914,3398,3474,3453,3473,3596,3802,3319,3429,3429,6,10,3471
1013071302,3530,8,3937,11,39,17,7,117,344,63,3484,376,5,10,11,267,3475,116,122,3476,11,1773,8,84,870,7,9,1099,11,443,3474,0,3649,12,9,9,406,7,81,3473,987,9,10,3471,3476,12,12,347,7,3471,381,8,12,12,3506,113,7,24,9,282,89,77,11,341,402,18,467,83,7,26,7,248,686,553,52,56,3471,3472,12
685509613,264,3650,659,3649,3677,3648,3647,3544,3595,3688,220,3521,3647,3649,3650,3764,203,3656,3615,211,3646,4647,3650,3629,3551,3649,3647,4319,3651,3825,202,3649,0,3652,3649,3649,3530,3648,3576,207,3925,3651,3649,207,207,3650,3648,3542,3647,207,3615,3648,3652,3651,239,3546,3649,3654,3651,3694,3578,3579,3650,3593,3526,3647,4059,3573,3649,3628,3648,3767,3968,3493,3604,3604,206,210,3646
807052820,3533,10,3940,13,41,23,11,120,348,65,3487,380,7,12,13,271,3478,122,125,3479,15,1769,10,89,873,9,11,1103,15,438,3477,12,3652,0,13,11,409,9,84,3476,992,13,12,3474,3479,14,14,351,9,3474,385,10,14,14,3509,116,9,28,13,287,92,80,15,345,405,22,460,86,9,28,9,252,682,559,57,61,3474,3475,16
930627026,3530,9,3937,12,40,20,8,119,345,64,3484,377,6,11,12,268,3475,119,124,3476,12,1772,9,84,871,8,10,1102,12,445,3474,9,3649,13,0,10,407,8,83,3473,987,10,11,3471,3476,13,13,348,8,3471,382,9,13,13,3506,115,8,25,10,282,91,79,12,342,403,19,468,85,8,27,8,247,689,556,52,56,3471,3472,13
760243587,3531,7,3937,10,38,20,8,115,344,62,3485,376,4,7,10,268,3475,119,122,3477,11,1774,7,86,870,6,6,1100,12,443,3474,9,3649,11,10,0,406,6,77,3474,989,10,9,3472,3476,11,11,347,4,3472,381,7,11,11,3507,113,6,25,10,284,89,77,12,341,402,18,466,83,6,25,6,249,687,556,54,58,3472,3473,12
436409369,3718,406,4111,409,436,417,403,510,291,458,3673,119,403,408,408,650,3656,513,520,3665,401,2094,406,481,1213,405,407,1467,409,822,3655,406,3530,409,407,406,0,405,478,3660,1337,405,408,3660,3661,410,410,175,405,3660,326,406,410,408,3692,506,405,422,407,673,484,475,405,290,47,405,840,480,405,424,405,639,1063,929,451,455,3660,3661,402
820905977,3529,5,3936,8,36,18,6,115,343,60,3483,375,2,7,8,266,3474,117,120,3475,10,1772,5,84,868,4,6,1098,10,441,3473,7,3648,9,8,6,405,0,79,3472,987,8,7,3470,3475,9,9,346,4,3470,380,5,9,9,3505,111,4,23,8,282,87,75,10,340,401,17,464,81,4,23,4,247,685,554,52,56,3470,3471,11
760242444,3458,80,3865,83,111,93,81,42,415,121,3412,448,77,80,83,341,3402,192,63,3404,84,1701,80,115,797,79,79,1027,85,374,3401,81,3576,84,83,77,478,79,0,3401,938,83,82,3399,3403,84,84,419,77,3399,453,80,84,84,3434,40,79,98,83,265,16,10,85,412,474,90,539,11,79,58,79,322,618,483,37,39,3399,3400,85
824039126,64,3474,470,3473,3503,3472,3473,3368,3631,3515,20,3647,3471,3473,3474,3591,10,3480,3439,10,3478,4508,3474,3453,3367,3473,3471,4166,3475,3662,9,3473,207,3476,3473,3474,3660,3472,3401,0,3756,3475,3473,6,10,3474,3474,3624,3471,4,3648,3472,3476,3476,35,3370,3473,3478,3475,3522,3402,3403,3474,3629,3657,3482,3913,3397,3473,3452,3472,3595,3801,3318,3428,3428,5,7,3478
1018445871,3813,988,4220,991,1007,992,986,974,1289,1017,3766,1317,985,989,991,1238,3758,1026,979,3759,990,2186,988,1019,1374,987,989,1827,990,1225,3757,987,3925,992,987,989,1337,987,938,3756,0,988,990,3754,3759,992,991,1290,987,3754,1330,988,991,992,3789,970,987,981,989,1169,945,934,991,1286,1333,997,1446,941,987,966,987,1214,1498,1290,941,943,3754,3756,992
930627036,3532,9,3938,12,40,20,4,119,343,64,3486,375,6,11,12,268,3477,119,124,3478,12,1775,9,86,872,8,10,1102,12,444,3476,9,3651,13,10,10,405,8,83,3475,988,0,11,3473,3478,13,13,346,8,3473,380,9,13,13,3508,115,8,23,8,284,91,79,12,340,401,19,468,85,8,27,8,249,688,554,54,58,3473,3474,13
820905197,3530,8,3937,7,39,21,9,116,346,63,3484,378,5,10,7,269,3475,120,122,3476,13,1772,8,87,869,7,9,1100,13,444,3474,10,3649,12,11,9,408,7,82,3473,990,11,0,3471,3476,8,8,349,7,3471,383,4,12,12,3506,114,7,26,11,285,86,78,13,343,404,20,467,84,7,26,7,249,688,557,55,59,3471,3472,14
824038987,62,3472,469,3471,3501,3470,3471,3366,3629,3513,18,3647,3469,3471,3472,3589,8,3478,3437,8,3476,4508,3472,3451,3365,3471,3469,4164,3473,3660,7,3471,207,3474,3471,3472,3660,3470,3399,6,3754,3473,3471,0,8,3472,3472,3624,3469,4,3646,3470,3474,3474,39,3368,3471,3476,3473,3520,3400,3401,3472,3627,3657,3480,3911,3395,3471,3450,3470,3593,3799,3316,3426,3426,3,7,3476
824038961,66,3477,473,3476,3506,3475,3476,3371,3630,3518,22,3648,3474,3476,3477,3594,8,3483,3442,12,3477,4510,3477,3456,3370,3476,3474,4168,3478,3665,7,3476,207,3479,3476,3476,3661,3475,3403,10,3759,3478,3476,8,0,3477,3477,3625,3474,8,3647,3475,3479,3479,43,3373,3476,3481,3478,3525,3405,3406,3477,3628,3658,3481,3915,3400,3476,3455,3475,3598,3804,3321,3431,3431,7,11,3477
760242670,3531,10,3937,9,41,23,11,118,348,65,3485,380,7,10,9,270,3476,122,124,3477,15,1775,10,89,871,9,11,1102,15,446,3475,12,3650,14,13,11,410,9,84,3474,992,13,8,3472,3477,0,10,351,9,3472,385,6,14,14,3507,116,9,28,13,287,88,80,15,345,406,22,469,86,9,28,9,252,690,559,57,61,3472,3473,16
760242914,3531,10,3938,9,41,23,11,118,346,65,3484,380,7,12,9,271,3476,122,125,3477,15,1774,10,89,871,9,11,1102,15,446,3475,12,3648,14,13,11,410,9,84,3474,991,13,8,3472,3477,10,0,351,9,3472,385,6,14,14,3507,116,9,28,13,287,88,80,15,343,406,22,469,86,9,28,9,252,690,559,57,61,3472,3473,16
436409439,3681,347,4081,350,376,358,344,452,226,398,3637,144,344,349,349,596,3620,452,461,3629,342,2045,347,422,1165,346,348,1409,350,768,3619,347,3542,351,348,347,175,346,419,3624,1290,346,349,3624,3625,351,351,0,346,3624,262,347,351,351,3656,448,346,363,348,613,427,416,348,223,170,346,782,421,346,365,346,580,1006,875,392,396,3624,3625,342
760243417,3528,5,3935,8,36,18,6,113,343,60,3482,375,2,5,8,265,3473,117,120,3474,10,1772,5,84,868,4,4,1098,10,441,3472,7,3647,9,8,4,405,4,77,3471,987,8,7,3469,3474,9,9,346,0,3469,380,5,9,9,3504,111,4,23,8,282,87,75,10,340,401,17,464,81,4,23,4,247,685,554,52,56,3469,3470,11
824039761,62,3472,469,3471,3501,3470,3471,3366,3629,3513,18,3647,3469,3471,3472,3589,8,3478,3437,8,3476,4507,3472,3451,3365,3471,3469,4164,3473,3660,7,3471,207,3474,3471,3472,3660,3470,3399,4,3754,3473,3471,4,8,3472,3472,3624,3469,0,3646,3470,3474,3474,37,3368,3471,3476,3473,3520,3400,3401,3472,3627,3657,3480,3911,3395,3471,3450,3470,3593,3799,3316,3426,3426,3,3,3476
436409429,3704,381,4101,382,412,390,376,484,267,433,3658,295,378,383,383,628,3642,488,495,3651,376,2087,381,455,1203,380,382,1440,384,800,3641,381,3615,385,382,381,326,380,453,3648,1330,380,383,3646,3647,385,385,262,380,3646,0,381,385,385,3679,480,380,397,382,647,461,450,380,264,321,380,814,455,380,399,380,615,1033,901,426,430,3646,3647,377
760241994,3529,6,3936,5,37,19,7,114,344,61,3483,376,3,8,5,267,3474,118,121,3475,11,1771,6,85,867,5,7,1098,11,442,3473,8,3648,10,9,7,406,5,80,3472,988,9,4,3470,3475,6,6,347,5,3470,381,0,10,10,3505,112,5,24,9,282,84,76,11,341,402,18,465,82,5,24,5,248,686,555,53,57,3470,3471,12
760242938,3533,10,3940,13,41,23,11,120,348,65,3487,380,7,12,13,271,3478,121,125,3479,15,1776,10,89,872,9,11,1101,15,445,3477,12,3652,14,13,11,410,9,84,3476,991,13,12,3474,3479,14,14,351,9,3474,385,10,0,12,3509,116,9,28,13,287,92,80,15,345,406,22,469,86,9,28,9,252,690,559,57,61,3474,3475,16
807052380,3533,10,3940,13,41,23,11,120,348,65,3487,380,7,12,13,271,3478,122,125,3479,15,1777,10,89,873,9,11,1102,15,445,3477,12,3651,14,13,11,408,9,84,3476,992,13,12,3474,3479,14,14,351,9,3474,385,10,12,0,3509,116,9,28,13,286,92,80,15,345,404,22,468,86,9,28,9,251,690,559,57,61,3474,3475,16
824040125,81,3507,457,3506,3536,3505,3506,3401,3664,3548,53,3679,3504,3506,3507,3624,43,3513,3472,43,3511,4541,3507,3486,3400,3506,3504,4199,3508,3695,42,3506,239,3509,3506,3507,3692,3505,3434,35,3789,3508,3506,39,43,3507,3507,3656,3504,37,3679,3505,3509,3509,0,3403,3506,3511,3508,3555,3435,3436,3507,3662,3689,3515,3946,3430,3506,3485,3505,3627,3834,3351,3461,3461,38,40,3511
760242399,3427,106,3834,115,143,125,113,12,444,153,3381,476,109,114,115,373,3372,224,95,3373,117,1717,112,147,765,111,113,993,117,406,3371,113,3546,116,115,113,506,111,40,3370,970,115,114,3368,3373,116,116,448,111,3368,480,112,116,116,3403,0,111,130,115,297,48,42,116,441,502,122,571,34,111,90,111,353,650,451,69,71,3368,3369,118
807052770,3530,5,3937,8,36,18,6,115,343,60,3484,375,2,7,8,266,3475,117,120,3476,10,1772,5,84,868,4,6,1098,10,441,3474,7,3649,9,8,6,405,4,79,3473,987,8,7,3471,3476,9,9,346,4,3471,380,5,9,9,3506,111,0,23,8,282,87,75,10,340,401,17,464,81,4,23,4,246,685,554,52,56,3471,3472,11
930626996,3535,24,3940,27,55,35,21,134,360,79,3489,392,21,26,27,282,3480,134,139,3481,27,1785,24,101,880,23,25,1116,27,454,3479,24,3654,28,25,25,422,23,98,3478,981,23,26,3476,3481,28,28,363,23,3476,397,24,28,28,3511,130,23,0,23,299,106,94,27,357,418,34,483,100,23,42,23,263,703,547,69,73,3476,3477,28
930627196,3532,9,3938,12,40,20,6,119,345,64,3486,377,6,11,12,268,3477,119,123,3478,12,1775,9,86,872,8,10,1101,12,445,3476,9,3651,13,10,10,407,8,83,3475,989,8,11,3473,3478,13,13,348,8,3473,382,9,13,13,3508,115,8,23,0,284,91,79,12,342,403,19,468,85,8,27,8,249,689,554,54,58,3473,3474,13
930626766,3575,283,3965,286,314,294,281,301,612,323,3533,642,280,285,286,539,3524,393,306,3525,286,1955,283,314,986,281,284,1272,286,626,3523,282,3694,287,282,284,673,282,265,3522,1169,284,285,3520,3525,287,287,613,282,3520,647,282,287,286,3555,297,282,299,284,0,273,261,286,609,668,291,742,267,282,261,282,505,803,734,236,238,3519,3521,287
760241947,3459,88,3866,87,119,101,89,50,423,129,3413,456,85,90,87,349,3404,200,71,3405,93,1706,88,123,800,85,89,1034,93,382,3403,89,3578,92,91,89,484,87,16,3402,945,91,86,3400,3405,88,88,427,87,3400,461,84,92,92,3435,48,87,106,91,273,0,18,93,420,480,99,547,19,87,66,87,330,626,491,45,47,3400,3401,94
760242333,3460,76,3867,79,107,89,77,46,412,117,3414,445,73,78,79,337,3405,188,59,3406,81,1703,76,111,799,75,77,1029,81,372,3404,77,3579,80,79,77,475,75,10,3403,934,79,78,3401,3406,80,80,416,75,3401,450,76,80,80,3436,42,75,94,79,261,18,0,81,409,471,87,535,13,75,54,75,318,616,485,33,35,3401,3402,82
930627486,3531,11,3937,14,42,22,10,120,343,66,3485,375,8,13,14,270,3476,121,126,3477,14,1774,11,88,872,10,12,1102,14,447,3475,11,3650,15,12,12,405,10,85,3474,991,12,13,3472,3477,15,15,348,10,3472,380,11,15,15,3507,116,10,27,12,286,93,81,0,340,399,21,470,87,10,29,10,250,690,556,56,60,3472,3473,15
436409269,3685,341,4085,344,372,352,338,445,7,393,3640,258,338,343,343,590,3623,447,454,3632,336,2046,341,416,1164,340,342,1394,344,760,3622,341,3593,345,342,341,290,340,412,3629,1286,340,343,3627,3628,345,343,223,340,3627,264,341,345,345,3662,441,340,357,342,609,420,409,340,0,285,340,777,414,340,359,340,576,1002,863,386,390,3627,3628,337
436409349,3715,402,4107,405,432,413,399,506,288,454,3670,114,399,404,404,647,3653,508,516,3662,397,2092,402,477,1209,401,403,1461,405,819,3652,402,3526,405,403,402,47,401,474,3657,1333,401,404,3657,3658,406,406,170,401,3657,321,402,406,404,3689,502,401,418,403,668,480,471,399,285,0,401,837,476,401,420,401,635,1061,925,445,451,3657,3658,398
820743465,3538,18,3946,21,49,29,17,126,343,73,3493,375,15,20,21,277,3476,128,132,3485,13,1781,18,94,879,17,19,1108,21,453,3475,18,3647,22,19,18,405,17,90,3482,997,19,20,3480,3481,22,22,346,17,3480,380,18,22,22,3515,122,17,34,19,291,99,87,21,340,401,0,476,93,17,35,17,258,696,563,62,66,3480,3481,14
807052191,3970,465,4377,468,468,478,466,575,780,475,3924,809,462,467,468,726,3915,577,580,3916,468,1604,465,542,1327,464,466,1214,470,607,3914,467,4059,460,468,466,840,464,539,3913,1446,468,467,3911,3915,469,469,782,464,3911,814,465,469,468,3946,571,464,483,468,742,547,535,470,777,837,476,0,541,464,483,464,707,718,1014,512,516,3911,3911,470
760242166,3454,80,3861,85,113,95,83,40,417,123,3408,450,79,84,85,343,3399,194,66,3400,87,1697,82,117,793,81,83,1022,87,377,3398,83,3573,86,85,83,480,81,11,3397,941,85,84,3395,3400,86,86,421,81,3395,455,82,86,86,3430,34,81,100,85,267,19,13,87,414,476,93,541,0,81,60,81,324,621,479,39,41,3395,3396,88
820905767,3530,5,3937,8,36,18,6,115,343,60,3484,375,2,7,8,266,3475,117,120,3476,10,1772,5,84,868,4,6,1098,10,441,3474,7,3649,9,8,6,405,4,79,3473,987,8,7,3471,3476,9,9,346,4,3471,380,5,9,9,3506,111,4,23,8,282,87,75,10,340,401,17,464,81,0,23,4,247,685,554,52,56,3471,3472,11
807051851,3509,24,3916,27,55,37,25,94,362,65,3463,394,21,26,27,285,3454,136,99,3455,29,1751,24,63,847,23,25,1077,29,420,3453,26,3628,28,27,25,424,23,58,3452,966,27,26,3450,3455,28,28,365,23,3450,399,24,28,28,3485,90,23,42,27,261,66,54,29,359,420,35,483,60,23,0,23,266,664,533,31,35,3450,3451,30
760242890,3529,5,3936,8,36,18,6,115,343,60,3483,375,2,7,8,266,3474,117,119,3475,10,1772,5,84,868,4,6,1098,10,441,3473,7,3648,9,8,6,405,4,79,3472,987,8,7,3470,3475,9,9,346,4,3470,380,5,9,9,3505,111,4,23,8,282,87,75,10,340,401,17,464,81,4,23,0,246,685,554,52,56,3470,3471,11
930626866,3652,248,4058,250,279,259,247,358,578,303,3606,610,245,250,251,503,3597,358,319,3598,251,1774,248,319,1003,247,249,1341,251,602,3596,248,3767,252,247,249,639,247,322,3595,1214,249,249,3593,3598,252,252,580,247,3593,615,248,252,251,3627,353,246,263,249,505,330,318,250,576,635,258,707,324,247,266,246,0,698,783,291,295,3593,3594,252
807051501,3858,686,4225,689,652,698,686,654,1004,628,3811,1034,683,688,689,947,3803,797,635,3804,691,1766,686,719,1133,685,687,1368,691,558,3802,686,3968,682,689,687,1063,685,618,3801,1498,688,688,3799,3804,690,690,1006,685,3799,1033,686,690,690,3834,650,685,703,689,803,626,616,690,1002,1061,696,718,621,685,664,685,698,0,1085,642,643,3799,3800,691
930626886,3375,555,3765,558,586,565,552,453,865,596,3329,901,552,557,558,722,3320,664,538,3321,558,2109,555,584,1089,554,555,1309,556,838,3319,553,3493,559,556,556,929,554,483,3318,1290,554,557,3316,3321,559,559,875,554,3316,901,555,559,559,3351,451,554,547,554,734,491,485,556,863,925,563,1014,479,554,533,554,783,1085,0,510,512,3316,3317,559
930627176,3485,53,3892,56,84,64,52,73,389,94,3439,421,50,55,56,312,3430,163,77,3431,56,1727,53,84,826,52,54,1056,56,399,3429,52,3604,57,52,54,451,52,37,3428,941,54,55,3426,3431,57,57,392,52,3426,426,53,57,57,3461,69,52,69,54,236,45,33,56,386,445,62,512,39,52,31,52,291,642,510,0,10,3426,3427,57
930627746,3485,57,3892,60,88,68,56,75,393,98,3439,425,54,59,60,316,3430,167,80,3431,60,1724,57,88,826,56,58,1058,60,401,3429,56,3604,61,56,58,455,56,39,3428,943,58,59,3426,3431,61,61,396,56,3426,430,57,61,61,3461,71,56,73,58,238,47,35,60,390,451,66,516,41,56,35,56,295,643,512,10,0,3426,3427,61
824039484,61,3472,468,3471,3501,3470,3471,3366,3629,3513,17,3647,3469,3471,3472,3589,7,3478,3437,7,3476,4507,3472,3451,3365,3471,3469,4164,3473,3660,6,3471,206,3474,3471,3472,3660,3470,3399,5,3754,3473,3471,3,7,3472,3472,3624,3469,3,3646,3470,3474,3474,38,3368,3471,3476,3473,3519,3400,3401,3472,3627,3657,3480,3911,3395,3471,3450,3470,3593,3799,3316,3426,3426,0,6,3476
824040039,65,3473,472,3472,3502,3471,3472,3367,3630,3514,21,3648,3470,3472,3473,3591,11,3479,3438,11,3477,4509,3473,3452,3367,3472,3470,4165,3474,3661,10,3472,210,3475,3472,3473,3661,3471,3400,7,3756,3474,3472,7,11,3473,3473,3625,3470,3,3647,3471,3475,3475,40,3369,3472,3477,3474,3521,3401,3402,3473,3628,3658,3481,3911,3396,3472,3451,3471,3594,3800,3317,3427,3427,6,0,3477
936423854,3535,12,3941,15,42,23,11,122,340,67,3489,372,9,14,15,271,3472,122,127,3481,7,1776,12,89,875,11,13,1103,15,447,3471,12,3646,16,13,12,402,11,85,3478,992,13,14,3476,3477,16,16,342,11,3476,377,12,16,16,3511,118,11,28,13,287,94,82,15,337,398,14,470,88,11,30,11,252,691,559,57,61,3476,3477,0
